2922
508
952
897
263
1089
2022
3663
3426
659
2919
48
755
2669
2514
159
466
827
2213
1550
1115
1185
1815
265
2929
1379
1738
2024
3225
1258
155
2221
2311
3918
3017
2419
622
220
1984
296
274
2874
2691
276
1494
2174
1052
3194
1626
3092
2205
145
1317
218
2609
370
2002
1578
3938
3863
904
392
1070
624
1446
3877
2575
2693
1634
1114
3091
139
2427
2054
1202
2086
995
197
3014
460
1999
2218
2136
789
1662
883
745
106
1761
1763
2252
747
1395
2540
740
3305
3738
1397
1762
2505
1632
957
1038
1788
1625
969
2220
3362
299
339
1780
577
2991
2892
319
2089
1139
3239
2042
3589
3798
510
1571
1667
413
2781
1629
3824
3935
3012
3600
2857
3734
3150
599
3259
2739
3654
1864
2040
3860
1178
59
3539
3865
37
2594
287
3268
2303
1081
2164
3323
1221
1885
2199
2566
3108
720
2925
3264
1660
3243
171
3031
1168
1601
2133
3009
391
2298
630
1669
1916
2317
3351
2309
3959
1108
940
1511
1148
5
2442
3932
2120
1743
198
2943
3696
1628
1606
1520
1556
824
2315
1286
876
1899
1767
830
233
1253
3927
751
2710
404
1566
1616
2680
3129
3346
239
2224
2248
3984
1187
3496
3758
2797
1771
2637
2659
2905
298
3063
1263
3104
2607
960
674
1467
1793
3135
1663
362
680
309
3335
3559
3779
724
160
2491
1306
2294
3970
2908
565
1432
3379
1647
1822
1180
2647
547
3000
911
697
831
2970
2506
2921
2297
1839
444
939
864
3708
737
3547
3590
1870
1866
2636
1918
471
3602
372
2486
1471
3094
3644
3300
3828
1261
1393
506
3764
2985
78
3532
3395
177
1359
2387
3956
219
2066
3361
3816
481
3484
1164
3776
2686
3163
2621
1861
610
825
1836
1577
611
1091
2729
771
1496
87
3928
2266
2820
2525
1582
1896
144
2948
1362
163
3526
3421
443
2232
2899
2238
3955
3407
300
1236
340
271
2301
918
2973
616
914
3777
2283
569
2570
363
2831
2429
563
1891
3137
53
449
3807
461
2759
3394
2876
987
1907
2910
2858
2935
1307
410
2067
2749
2386
3522
2401
3482
3963
623
14
511
3157
3182
3410
3047
933
753
2135
1676
2764
1387
3666
716
1868
1902
2814
617
2361
1454
1116
3371
13
2836
3212
3841
288
2993
2183
257
1409
1823
2751
1538
3081
777
1014
3856
3303
1838
261
2404
2563
3691
2725
1980
3733
722
134
2586
2113
2493
1152
3326
1281
3624
3179
936
1170
154
1350
3228
2327
2924
2633
3904
544
2716
2018
1322
1914
1435
3283
438
3328
1272
2572
812
2843
90
2378
3893
241
2362
926
214
21
1001
3332
2588
3136
2897
3774
529
1158
61
3900
3089
925
669
3247
1503
3607
497
175
1635
107
3704
380
1127
1847
2321
346
2582
3190
100
1006
395
464
1796
821
3004
1448
2541
1334
1415
137
3778
594
2580
1603
1683
184
2873
754
3562
458
2451
1725
2553
3613
3084
1925
803
2300
877
3207
768
3504
3556
3623
3103
802
1340
2845
1614
2209
2480
3751
1408
2143
1377
1302
2076
454
2139
27
2471
2512
1712
1642
1249
752
3376
3388
347
2698
105
345
272
1083
2962
185
1801
1519
3479
639
245
3210
2175
2939
698
2473
1320
1510
1191
3933
550
2990
2542
1509
3320
9
2803
3535
3274
3962
1590
3098
2900
3842
315
1514
3411
1088
70
3026
3448
2714
2806
468
3090
2558
3176
869
1246
1060
3823
3635
792
2292
3277
3436
894
3806
1138
567
478
994
1177
922
913
3412
3343
3010
2316
1121
949
3994
3686
946
2000
2971
3757
2385
2501
2824
2676
3724
1058
2977
108
3312
2398
1129
524
2986
3223
3861
3881
2816
1643
3516
1935
1235
3391
1522
2259
335
1795
2779
3142
3630
3314
1304
3480
1535
2345
3447
592
2495
368
47
505
3868
3835
1417
1881
2663
2958
801
3890
1028
3817
3952
1677
1461
2556
434
817
3641
2482
2360
1484
2524
3871
3134
706
2700
1248
1975
3143
1772
1697
2954
3921
1915
585
2503
3002
2783
82
3755
964
1637
2705
1247
3606
783
2568
1413
2590
2286
553
3550
1741
353
2548
3799
507
545
3350
1649
2513
313
1225
3293
1367
2198
2016
2483
2959
2302
1760
3374
1894
2127
855
3820
798
3133
3961
1659
301
780
1399
246
2529
842
1016
905
2108
448
626
194
1774
3139
1094
3254
930
1646
3971
143
2004
3873
2140
1666
3855
1973
264
3983
3256
3208
528
3834
1835
2555
540
281
2470
509
2455
3214
1085
1843
3485
1285
3189
73
3812
3852
311
109
2463
2696
1807
687
1329
1495
2240
1831
2073
742
2436
1189
2093
1850
2867
1978
1027
1256
3700
3021
3299
1360
3831
727
1920
2188
1882
2802
517
1243
1119
2185
1938
480
3075
2165
1097
3003
3
2366
189
1575
1429
650
3846
686
2372
2623
3728
3429
3118
2695
809
2872
1800
3742
2431
452
1207
99
1300
69
2044
756
1283
3460
1419
3001
414
500
2454
3366
3712
2432
2193
1674
3940
3242
222
843
851
431
2112
2142
2243
826
2655
2322
2658
647
1943
1687
2821
1986
1537
2411
3437
2447
634
2664
1425
795
88
2046
10
3671
1294
221
932
2854
2950
71
275
849
3491
259
1903
542
692
1424
2103
3862
872
2581
3471
3162
436
1531
868
1792
2605
2547
1653
2011
3138
1867
3659
136
3260
3912
3595
1965
206
873
927
2918
1809
1615
3815
3390
405
2356
3977
886
1270
1172
266
1855
2777
1661
2517
2400
2064
1149
367
1926
234
2984
1401
729
2719
2516
2955
3195
884
1995
2565
1407
1233
3586
2265
896
1406
3296
1106
1727
3592
2350
1234
3263
1438
2748
3345
3512
2702
3201
135
307
573
690
1768
203
133
3710
337
2430
3475
1128
2847
2088
3481
1627
2606
2688
1753
2
898
1636
3415
1327
477
1478
210
3085
1488
3945
3125
1937
1504
1456
2675
963
1090
1385
3584
1924
782
2200
762
516
1422
2727
2202
3697
1490
58
3258
608
2269
3381
366
2832
3008
1347
356
1366
2657
2497
285
854
3454
1608
3840
835
1806
3753
3617
3146
2603
126
975
2866
3423
1004
3678
2800
888
479
3978
3718
336
2212
2956
3154
2080
67
3585
1457
1892
1555
3694
3752
3037
3205
2533
2168
3400
2711
148
3433
3511
256
2257
3441
320
3825
267
442
3716
3188
162
8
3808
364
909
800
3409
1790
2931
702
388
1709
1508
3078
575
1305
2131
2742
2765
2651
3792
1044
3404
1759
3285
2963
3527
1473
2913
1341
2100
1186
2466
2087
885
684
1019
120
1226
1887
293
2160
2053
3029
833
3569
1475
1112
3673
326
1748
1054
2628
1526
3573
2437
3726
3290
901
3120
2074
560
1810
1751
2116
1040
1441
1515
2567
3769
3101
1107
643
3634
3424
3772
212
1154
451
3398
2830
282
292
3859
462
1989
3554
2395
1145
304
2930
2075
2170
2912
713
3044
3528
531
1832
168
3750
743
1309
2521
3695
3626
3702
224
199
1950
116
1889
3124
672
2119
2304
2915
411
3845
2052
1617
844
1137
1737
2531
20
39
3568
3529
1482
365
3462
3077
1477
1124
2626
991
1132
2907
1936
1650
597
781
1879
2604
191
16
1410
627
3565
3782
750
670
1906
929
1552
1252
226
3837
3267
1784
3622
1383
1789
790
1411
3062
3703
1786
1311
1018
648
46
2181
2091
124
2063
425
125
407
193
2082
3843
513
3497
2346
2347
1542
2287
2689
1188
129
470
3373
604
2197
515
1231
1427
3830
3866
2019
3107
3916
614
1518
907
249
1724
419
1120
3683
2534
3287
3304
675
1811
3297
1859
3292
2692
1469
1641
1035
2864
2167
1794
2624
636
1295
861
2182
3594
1791
2456
625
1404
1913
1997
1293
2557
2247
536
1380
34
2001
2028
1524
3459
1319
1941
912
1147
3574
176
2251
3609
54
2176
62
660
3476
1604
696
3926
98
2951
799
357
3699
3217
2903
1834
1071
2595
2383
24
2856
602
117
1465
2894
2785
1704
3375
999
3352
472
2671
1779
586
3813
2393
2453
1213
350
852
2231
65
2706
2331
2092
3882
456
2518
2344
3445
3786
2945
2853
3040
3530
371
829
2273
2446
3057
2489
2768
1055
3964
2694
3202
2646
2733
3770
2877
1315
158
3939
401
2059
2105
3273
1729
807
2888
2980
2744
3227
3795
2885
1560
379
2562
2736
2359
1585
3282
103
2994
1017
587
2829
231
2499
1911
327
2253
3370
588
526
3717
1266
1197
3367
2934
1140
110
953
2672
2445
3850
3593
773
1675
2720
3072
3244
493
3220
1042
3722
3911
605
1754
1682
3316
2642
595
95
3949
1613
2270
1314
961
774
1462
708
3749
142
1276
1310
858
707
3354
3867
3061
325
2335
1183
2799
1952
875
2268
988
2782
3458
2007
3463
1778
3908
1338
3369
3233
1813
986
1639
3152
1694
323
495
2382
1589
3615
1046
874
3821
3693
279
3106
1458
351
1987
887
2868
2840
566
2766
662
3490
3923
1215
1994
127
607
3737
2026
880
2306
165
2352
334
1026
1710
681
1277
2827
17
2339
655
3440
3954
3417
2667
845
361
1171
2632
2295
2543
1596
3766
3551
1352
658
1588
2975
3805
2791
2237
2178
3281
2291
3035
3880
3113
882
3248
612
3348
3543
1365
2459
2767
324
2932
2405
2504
1324
3218
2072
3571
1199
1610
900
2210
1259
3050
2223
902
1384
2448
1672
865
156
2933
596
2861
3814
2793
2878
590
3216
2285
491
1034
3948
3487
2550
1337
2032
652
1977
122
114
3674
2163
486
3826
3801
1282
1084
3493
2536
819
440
3180
1598
732
3234
1049
959
1045
2865
1728
3993
3910
3797
2337
1219
501
2564
417
465
1242
3907
1921
3884
2972
859
3307
1740
3011
1101
3302
838
3442
1501
1371
262
146
3685
1678
1664
1491
2090
1998
138
2981
2957
1029
2584
1325
1356
1934
552
1802
1346
1485
3723
2192
91
1134
2058
63
3168
1758
2396
2186
2159
1117
710
578
499
223
839
236
2434
3489
1553
1143
2770
2241
548
2280
2478
2546
394
389
2422
1375
3253
3229
386
2790
917
726
1245
928
1688
118
3393
3765
457
2034
693
2334
3405
1954
1884
846
955
3036
2804
2577
1184
268
3245
3076
2780
2677
1979
1208
3443
2126
793
3914
3231
3413
1908
2172
3070
2217
2522
1024
3637
3523
1037
2620
1487
3538
1648
1640
435
208
3653
769
3968
2025
534
2494
664
3048
2619
779
1955
19
805
1163
3271
1291
765
3552
2965
3618
2812
2098
3325
1928
1547
1358
3649
209
1966
2122
1971
1421
2458
2157
2235
791
294
3185
1400
3121
72
3645
2837
2279
2281
1453
691
2579
2379
2390
3827
3013
2068
2788
3221
2236
3232
688
2296
3226
3327
111
1551
574
3030
2645
1212
1521
1953
1638
989
1301
1345
1876
853
359
3317
2137
3531
841
482
2275
3119
3681
3636
1533
3478
3942
3455
760
2634
1135
2211
280
3521
1931
870
2627
620
3588
1821
2308
302
1230
3989
3403
971
962
74
306
2554
3431
2509
1275
1220
2354
733
2154
1845
3042
2239
1798
2402
1572
1436
1507
3147
3581
1962
814
1957
836
3787
3276
1250
546
3715
3651
60
1251
3385
2003
3919
3679
2369
3735
945
1002
1133
459
3219
2967
2145
161
1558
778
2704
1706
1895
967
141
1113
1591
3616
1412
615
1420
1799
2468
252
2576
2055
527
77
2807
79
703
1161
1773
576
1205
1731
3215
1388
3502
487
1523
3517
1599
3167
1723
2047
3534
3114
3486
284
205
3897
980
2881
1144
3071
678
328
640
474
3122
1260
1228
895
1323
1198
532
1394
3874
3599
2500
1744
3979
1105
2284
3747
3924
1620
1565
66
2560
2307
2666
1333
1658
1654
871
1705
2062
2219
2070
1354
564
661
3667
2169
1372
1569
1506
2898
3359
3286
1099
1082
2343
3509
229
166
1548
128
1218
712
2917
3665
1580
1735
85
1685
3224
866
1335
3802
3976
2023
1923
583
2511
3549
704
979
2144
3688
2882
2995
3469
1745
965
2715
3230
3171
3450
2207
3169
1853
3725
1224
153
181
1298
3950
2244
1605
1442
1455
764
3349
2828
1837
1981
3844
1284
398
1752
2978
1787
728
834
3173
3468
2260
881
2608
606
3368
3183
26
1203
3406
3148
1817
2523
1357
2661
228
1513
2850
1958
1452
990
1976
2096
2407
2225
1000
3672
555
2822
3236
3425
1517
3788
1373
3034
2953
3836
863
2773
1619
1840
2428
903
3341
2652
840
3028
1587
2254
2079
1339
2115
11
3488
1856
3093
3669
3745
2355
3784
3783
2201
1361
2746
2264
247
2097
1814
2734
3294
2870
173
15
730
1651
1389
3470
2069
2732
2358
242
3548
609
3041
2417
1904
891
1708
3193
3864
1020
3922
879
453
51
572
3848
1348
2351
3870
211
147
3022
543
2250
463
1803
1179
1562
305
169
188
3507
2527
2349
102
3946
424
68
568
2035
561
2809
3027
1369
7
1828
921
2559
2371
1812
3986
673
718
1540
1238
2726
3340
2833
352
93
1153
1330
3761
2061
1414
183
1982
757
1757
3692
1568
2233
378
1289
3809
317
2528
3988
3006
679
749
2891
382
1750
3250
3689
2538
1096
1764
1437
1940
467
2049
321
196
1237
213
1910
645
1703
1841
1190
910
3794
1076
1826
1405
2179
683
273
2519
3097
1948
3288
860
179
455
998
2222
3657
217
170
2502
3721
2869
788
1992
1331
3309
2794
1355
1008
3249
1474
2813
2394
3566
738
820
2656
432
668
2149
775
1312
920
837
3058
2718
1985
1079
344
2723
1749
3439
3514
2643
3420
1176
2189
2319
3074
3311
2391
384
2760
3668
3378
2735
1102
1391
180
2701
600
3998
968
2226
3324
97
2313
3382
1449
2162
3729
1122
983
618
373
2740
593
2271
2365
3800
3033
984
1857
1479
908
1944
2755
1053
1321
49
2997
2798
201
2731
1898
519
867
1472
1095
2635
1579
2728
2196
1530
1200
132
1862
1210
3083
3025
1342
657
1983
2424
1431
667
422
695
1655
25
2842
3301
1549
3383
1308
892
1067
1476
2204
2329
469
2703
3046
2102
1109
1374
3064
1618
277
426
2413
584
3515
316
628
721
3684
1326
3043
1912
289
3781
332
1103
2117
2583
441
3377
2051
956
3754
3638
1445
3016
1460
700
174
666
3095
3578
1364
714
2305
248
3278
290
2017
1483
178
796
2030
2690
2342
3629
1492
3714
3670
3557
1816
3793
2341
3315
735
3430
1126
1964
1489
1988
1104
1450
2215
3709
2776
1559
342
2449
2375
3901
2625
649
3944
3158
150
1499
2077
3356
3298
2171
3614
3851
3082
2649
717
3791
3102
3796
1434
167
2101
2263
3337
36
1693
571
202
2717
3178
2937
2418
1631
1036
1785
2435
2851
3153
890
2353
55
476
2662
3619
2938
943
1268
3204
3203
581
2681
3269
2214
2810
1066
2775
3392
3536
3739
2763
1700
1600
1050
3598
2722
1873
1463
1878
3289
2289
1554
80
2601
3159
2835
2156
192
2998
992
810
1679
746
601
512
2416
1830
2312
187
40
355
2916
2299
3879
3198
1012
3141
539
2421
2397
439
172
2737
475
2310
1543
3252
28
1025
2037
2753
2121
1567
3596
2012
2561
848
3811
376
318
2639
3713
94
3467
1681
2492
2274
2598
3402
3492
3123
1716
1169
1111
182
1893
360
2795
2423
3416
1874
3280
2772
1863
3196
204
3372
1125
3206
2654
2124
862
3161
915
2697
2808
654
200
2039
2148
3066
3987
3452
1909
2380
944
3474
2964
3980
2966
3625
1781
270
3023
1833
1932
1398
2415
1539
1732
3610
3099
1086
772
3519
2520
130
3321
3306
1512
1852
2029
1718
484
3648
1211
651
1222
3418
2153
1098
1464
3380
2155
2988
492
530
2048
3483
2862
3553
3165
381
3015
2083
3401
1003
3140
1844
2370
2230
3235
1195
3175
741
3295
33
3631
2949
3396
1015
2712
2610
2107
1592
2009
2332
554
3896
3973
3213
3386
1561
2005
1747
2476
1528
1942
2151
1192
1318
3007
1719
2846
1278
2574
250
2982
2743
3731
341
3698
387
591
1990
3646
3038
2863
2056
3237
937
1602
1500
3472
3564
644
1883
1022
2886